x:  [0.0, 0.3, 0.6, 0.8999999999999999, 1.2, 1.5, 1.7999999999999998, 2.1, 2.4, 2.6999999999999997, 3.0, 3.3, 3.5999999999999996, 3.9, 4.2, 4.5, 4.8, 5.1, 5.3999999999999995, 5.7]
y:  [1, 544, 884, 1069, 1190, 1278, 1332, 1378, 1407, 1433, 1452, 1469, 1477, 1482, 1489, 1490, 1492, 1495, 1496, 1494]
